0.0014883218023382938
4.666986810897278E-9
0.0
0.0
0.0
0.0
0.0
0.0
0.0
0.0
0.0
0.0
0.0014880371079422083
3.407699393498387E-9
9.832953322955196E-5
2.1294700244241238E-4
8.760103422916776E-5
3.838342313880472E-5
2.7086729577921465E-5
2.7105032987473354E-5
3.8422703713070216E-5
8.758392895166778E-5
2.1299680883435368E-4
9.827371777422489E-5
0.0
2.2620794126737565E-15
2.1304584743261912E-4
6.697376389865062E-5
7.085472637104184E-5
4.2378560773020935E-5
4.168190820921791E-5
4.2384135201092854E-5
7.083288816628341E-5
6.693539901191092E-5
2.1384394171647392E-4
0.0
5.828670879282072E-16
8.720179788238025E-5
7.08449238792791E-5
6.169336467125308E-5
6.186705219976552E-5
6.188242140349465E-5
6.167451981663186E-5
7.085560404818114E-5
8.74061197013859E-5
0.0
1.2281842209915794E-15
3.8578870006258925E-5
4.2357428023651056E-5
6.184880707382767E-5
7.963222728865627E-5
6.187520567908777E-5
4.241986772228479E-5
3.833271234747471E-5
0.0
2.8026192477881295E-14
2.71606847450645E-5
4.164475318857441E-5
6.187598397489058E-5
6.181240886836414E-5
4.1691827609866006E-5
2.709130827292794E-5
0.0
6.619704784327496E-15
2.7081240784931904E-5
4.237595827019658E-5
6.16450381551309E-5
4.241801618785901E-5
2.7105572710212078E-5
0.0
2.1441182163073336E-15
3.843645041086419E-5
7.083032322917349E-5
7.081638524114586E-5
3.843602530884116E-5
0.0
1.141448047192739E-14
8.750739337448632E-5
6.697232486568838E-5
8.748025739682697E-5
0.0
5.102168687542985E-14
2.1343880884296118E-4
2.1332363978569802E-4
0.0
1.598304821825991E-13
9.835735574777182E-5
0.0
1.9908704351756512E-8
1.4021159233656988E-11
0.0014868373184554196