0.0014883218023383216
4.66698679701949E-9
0.0
0.0
0.0
0.0
0.0
0.0
0.0
0.0
0.0
0.0
0.0014880371079422083
3.4076994004372807E-9
9.83295332295242E-5
2.129470024423985E-4
8.760103422916776E-5
3.838342313883247E-5
2.7086729577907587E-5
2.7105032987473354E-5
3.8422703713070216E-5
8.758392895164002E-5
2.1299680883435368E-4
9.827371777423877E-5
0.0
2.275957200481571E-15
2.1304584743259136E-4
6.697376389863674E-5
7.085472637105572E-5
4.2378560773020935E-5
4.168190820921791E-5
4.2384135201078976E-5
7.083288816628341E-5
6.69353990119248E-5
2.1384394171644616E-4
0.0
5.828670879282072E-16
8.720179788238025E-5
7.084492387926522E-5
6.16933646712392E-5
6.186705219979327E-5
6.188242140348077E-5
6.167451981659022E-5
7.085560404818114E-5
8.740611970137202E-5
0.0
1.2212453270876722E-15
3.857887000624505E-5
4.2357428023664934E-5
6.184880707382767E-5
7.963222728862851E-5
6.18752056790739E-5
4.2419867722298665E-5
3.833271234746083E-5
0.0
2.8033131371785203E-14
2.716068474500899E-5
4.164475318857441E-5
6.187598397489058E-5
6.181240886837802E-5
4.169182760985213E-5
2.709130827291406E-5
0.0
6.63358257213531E-15
2.7081240784904148E-5
4.237595827016882E-5
6.164503815514477E-5
4.2418016187817376E-5
2.7105572710184322E-5
0.0
2.1649348980190553E-15
3.843645041085031E-5
7.083032322918736E-5
7.081638524114586E-5
3.843602530878565E-5
0.0
1.1435297153639112E-14
8.750739337448632E-5
6.697232486568838E-5
8.748025739679921E-5
0.0
5.101474798152594E-14
2.134388088429473E-4
2.1332363978568414E-4
0.0
1.5984435997040691E-13
9.835735574775795E-5
0.0
1.9908704351756512E-8
1.4021173111444796E-11
0.0014868373184554473