15.849559419778489	147.69091090755234	14.693488963092598	
5.082840619444074	13.957771936929692	139.09486743797484	
130.97748068431255	31.126253614668336	99.47113478627428	
10.175017829331683	79.13831018719584	28.524514139843436	
13.827198708589787	89.06055672482019	139.98836121620954	
1.5017389435795447	7.325318990301589	297.9911449586518	
47.80868474608567	8.531837447048662	96.13576869837793	
59.76171713569024	35.892474752962364	34.12004435161338	
78.7733182021987	219.52928258231313	26.87467926913673	
5.822431450040285	2.3730253594039517	151.5640112408894	
85.14688836168456	78.1389969187381	12.45998147576204	
7.3288917601277275	5.983758547815172	23.00846334874471	
105.11007676518223	194.79086344331188	13.392889703175804	
16.13771649343464	6.647140142592426	244.25317219399076	
0.7644298828860393	0.28684291659106964	146.33100267273244	
61.15399913163432	40.48069829044296	82.00197751152227	
133.05844331278698	53.36237827462913	130.47459760370285	
35.04443306172535	35.45404092501074	59.75069403035095	
4.618716553685916	43.874215698049625	33.80928703012515	
2.3652600354116546	12.450447719981552	150.62426269953565	
11.936729056267605	7.371016953352094	148.39591958154642	
262.2927139218329	20.131162105517216	2.2533617553772918	
37.89893037884978	3.4554046656984343	209.07720045268238	
6.914253398754331	11.368891474699568	205.11457543587872	
7.948963194579944	12.644003430110333	159.52444583916693	
47.466651633071976	25.869109043203512	150.2361476133562	
6.49922686029727	17.68340999458107	243.23156971170658	
5.886979413482226	1.5275798842038222	280.94188286011297	
6.138431987009983	6.437992534018222	70.04285043143447	
2.8473799062538774	0.2309838338276758	44.08964078796731	
3.6665686431600686	135.70731911420594	66.38672014136648	
68.58136465973075	12.099367784707981	86.95436511727	
17.08901791329397	132.9277816164351	61.2655389354548	
29.57487232770224	95.12710065238157	164.2720217772348	
36.3960104730954	9.427056836750952	17.066057274956528	
3.9810495333163853	15.229871427996853	28.186130877635375	
60.93811772054945	19.735922257626942	35.85919027786723	
48.74480357076277	75.53718663832366	162.71065091953344	
107.04770177925272	9.297258982671089	110.01491066678217	
153.8604435367202	26.409157690381303	59.312240177175504	
36.642513161066454	168.6100752179666	32.52676160670732	
3.1420161611273127	6.456175475389311	277.43366151795277	
91.40401507742096	60.864831646094686	85.17861510484423	
72.1653302186475	18.32575123408117	171.5379781632866	
125.38638519162757	16.684773382075637	84.5517304255127	
39.89179043936381	14.662994719822288	14.596649437191914	
2.710509192433209	11.587602644769975	332.7678331153734	
88.2257722701881	39.12261691789165	103.9700363658437	
45.525559094114236	52.039030066886774	157.80088991651127	
12.896120428570068	0.613373598629902	138.19749598901376	
126.08182174523405	58.07953847190597	79.7525862233077	
108.70337443838824	180.4776284101691	1.8489776752126401	
54.16873810800217	148.3786073220559	110.17328557848842	
188.46208201918924	35.8245823158038	12.383102611205624	
20.193384476358727	36.791435859869246	231.78341728839357	
2.8196410385679576	0.6091374333022074	132.30248710260503	
19.029922108397923	7.890956641015599	279.1392252684772	
138.68209060957466	28.182775602564078	1.779945115532073	
26.46010603439766	25.332434523992546	122.31112338837393	
56.827148144590936	91.49777411345569	90.98247772129561	
47.629573720359154	82.2156094169311	43.74585832897573	
24.470586867085046	53.456597652030595	195.63947486434898	
1.95898393131546	18.460623551399106	244.96894831493037	
65.42704849462993	99.72968813702553	102.46430051933872	
25.268931620751733	141.30913329073024	43.28140909626749	
93.86398086784737	42.194008819625644	72.32021562035504	
72.63737111203231	101.68503640492555	14.079493841713399	
95.8730538095391	95.34756731021017	43.02687803905719	
10.999649620625327	18.370862084792297	84.40368624391724	
4.5929232535295945	5.095567754379264	162.94752263918144	
80.0262683098972	18.231104818298842	140.16994830194184	
8.11895938589648	46.43369596320241	208.34830797441467	
97.26393178185464	82.27071553560114	58.35420932966959	
127.91823152095674	59.44338444771342	31.29617931205951	
72.92792384698019	5.2506238030674215	188.82827512819034	
19.375337735223642	25.076610303672265	138.5461278702934	
6.882190972598292	92.44343359558871	165.98628521158363	
126.74743615680073	35.815179674108876	109.70418242892596	
108.03213963984639	27.633609981528803	100.08402094433619	
10.032674318227476	79.49521348768558	197.24392269895122	
16.302554705628737	19.309016727607123	61.50528957588494	
233.887588461692	13.834425157776106	4.983921732799739	
164.74999451771893	33.265331552908734	38.06288039424677	
25.17080528044158	244.44456514861162	39.278167675302406	
14.200461630075148	87.83104614536228	164.29122755659097	
114.71401701813105	49.023167623441964	47.66296818468558	
24.44675600354861	78.14721581606791	59.47625779575073	
131.1139455933518	80.75875319759571	1.7646696369944226	
42.40246522967202	46.8602707616034	42.86581343217044	
53.383989874096635	88.26079591977837	187.3622074406605	
47.37043316496478	101.40451018828169	17.202776792836087	
2.3517434620776783	1.008570499878614	115.23557647118837	
83.85159997179606	36.02074890856608	21.529895314734198	
1.043356702719235	1.9379786120280835	357.10715042762627	
94.30281578527139	38.8248178749396	155.06432039240562	
92.84338598425104	123.99715373483501	54.85667145691974	
45.30140674388924	14.817882353106299	116.54066452897426	
0.8004009059856826	8.218121643758414	203.8782466732019	
83.31562578697256	12.734778297286567	168.39694373144476	
21.109705427124894	18.40052367626675	152.52719228704476	
