83.88350894205833	9.878839273579043	68.57395412010722	
5.561960783831467	2.1886288165413887	109.76445198462103	
106.45416173953627	105.42703058980159	13.86680756012532	
12.49588469717137	198.17927995897134	142.71696871188814	
71.40821601749418	13.735113350568374	196.94877580804354	
26.163369822891962	165.0465767507687	3.7174372688275046	
103.21422562571456	100.60263902310743	90.78241602354387	
39.990553383808425	120.0148851539086	65.7497845220134	
127.52486456983091	39.3445132327404	25.434645130014836	
66.7405063328335	23.77033135367955	42.05313296104796	
3.3011864476763106	0.06537810163208461	158.26258420612365	
53.026525033964546	87.33682072575992	56.54886878225539	
59.320131353288886	43.1500450888301	102.97519892709177	
97.38917984799987	74.89130927701417	36.5557791284867	
34.00963199461393	0.8568852600021696	34.65776880405861	
0.4996146562448665	218.47513137413995	101.32025974100398	
99.93265188171527	35.17814590673656	142.7347848601428	
27.729896337190006	20.4421421432949	90.13998463366516	
23.49816239537362	23.33935501514288	218.57926405366757	
136.97057296473574	5.649389759547782	19.152930389635582	
49.5810862846436	143.53086827905085	48.34472622639483	
27.975743742947174	102.0326640841183	129.3323687787963	
11.376645363462503	55.203008162656644	162.6041234448914	
28.51656486608883	11.730314636191649	150.7679597625805	
7.8823261731886305	11.538277265758236	242.13786670645422	
3.242158906295501	39.05900742155206	17.945302425704778	
26.579755773499045	104.3335800928937	42.72646094143071	
14.590798589520157	118.94019890559109	65.59697292285854	
21.527270946887132	17.973165261139616	209.2200916625831	
6.757721012216596	2.5875550462838017	261.5342199171971	
141.83968141643427	160.16478347460398	9.447172631827419	
47.59320358847935	3.967676182366355	120.52649460483042	
35.66857662312106	40.58990985459916	229.98431309615512	
9.61854807853739	52.584183934955284	169.15521442470964	
65.54044628999637	95.447025124486	17.495878463175043	
17.608931343823325	142.90785951201994	94.23178557863015	
99.40680491776278	24.644956496234432	97.27356270005058	
127.77469969573413	20.443467725006244	83.2034098405769	
74.8178330738641	123.42204435876134	7.217761343527426	
19.7334599289782	30.86946837176818	193.51601137567675	
19.441972397392355	45.673189796123815	74.20389536193827	
9.129531526994894	152.0002538095345	47.192668548630465	
40.840187588473846	136.01464545076385	143.65230439758147	
16.571234446311298	11.405760496432215	38.97975828120173	
30.974173097496298	98.62972979845846	216.22954704559712	
13.146585940103023	10.347784436201028	68.03063173862449	
20.46503048094693	29.5658398112909	106.30776672178845	
85.58294642700967	13.828584964592613	125.58571029671164	
75.96659195164516	147.4834529531906	23.860618832156245	
7.660660876244854	1.7006346814821698	293.01814967168747	
11.306229075086556	59.04451140595015	70.8244737502035	
18.333111217613393	101.5580999753119	163.06445527275864	
34.127888184435626	157.21783205667512	63.32499808799006	
45.070711456734514	53.967099134989695	181.1967353679118	
20.69671779874085	38.35908576203207	210.58654292840907	
26.53696255961184	19.359255235328764	222.94935762917984	
11.135414409165627	114.69441264730827	90.74415851388181	
19.60493252408638	1.077834581676221	94.67550797679753	
8.258365056457194	66.65772683644911	158.73168873327646	
15.870578710833575	87.5604209822697	6.183922273210362	
17.24919237262136	12.84274839140188	59.75065326689688	
77.78679819126107	41.14734810648977	12.31025475414221	
153.2889588113386	0.5777357064970485	22.729471794654597	
46.12348034010773	44.293707954390456	60.67230653489775	
6.733675882593536	3.305198270586027	184.0205922131227	
65.3374417286642	8.205462460319705	126.11142778148651	
150.15560157060278	26.160094136803938	39.09618982433872	
76.79076121019311	13.749918329274731	97.5733688859822	
44.856156480448654	23.068495749894943	146.40742724795905	
89.72314447692655	69.8448508570704	133.04686203792457	
77.42625381056187	33.5032315064229	15.025574523430153	
74.89491035509619	5.023583861476049	191.31729939604998	
30.441819107798057	93.66755638480761	154.24743789866662	
38.69900052434883	30.590181399481693	102.53352998321854	
1.9040404673146285	18.851702291396766	157.62202490008715	
160.93335368592355	73.05391991374557	16.474447141255435	
76.44989419256963	57.67358749342832	71.06320933372417	
103.51362781478323	57.03969693167176	73.03823967798618	
2.172300180230958	10.770596165131264	239.940928992971	
38.85949271601431	41.31926628659186	109.10011423182524	
13.834972872571592	125.98932761536932	29.872331814820658	
8.709802650916755	89.77079466681748	3.719916530793483	
32.804955532162374	125.16856764897057	27.49658714266683	
6.157745479379641	30.568194851222614	232.21212009399596	
70.8521613689445	47.09924223166291	110.51823666744782	
144.50630644339094	11.365953421796394	122.41322089764886	
57.75944908506636	17.01943424133906	87.42171754970057	
10.65819403093847	47.08166063386742	163.291496360128	
112.48028674569562	38.72299090402799	24.23642309997832	
28.492320519628606	27.756133284561024	203.18520766280324	
119.16393542261251	24.602586165258863	132.19209989639378	
44.99304306209325	24.07373190044065	159.1381756518743	
0.3522930662380471	92.4945781437082	42.23281616806142	
8.815594837371707	24.119490407979576	190.0555405950909	
213.91747459511257	3.105797220786264	114.08875034957568	
207.12227742686574	91.54035620786946	42.939282440102446	
107.29977573133819	77.74031077745407	29.06971172450732	
44.40021199648791	8.589994568346079	6.945381523755117	
61.22148416058397	73.4289142508049	153.21469021311768	
24.233546117749945	105.73689366632989	74.71296885656314	
