146.5678481374175	53.75594238413243	219.54594352639515	
82.03551369425111	25.967536154524336	155.36544932482747	
0.3683590076839385	80.0706948211929	115.68395401133904	
25.939475286001343	89.20588607435295	146.673553705428	
50.09983882866815	51.17216588344095	56.28077137288682	
6.112305322503213	35.57964474575379	223.40213298997415	
191.5396816130303	40.407634109338005	4.838897684036372	
51.7638939280984	44.350762073709944	52.813985015926775	
13.941847969899246	2.3001831795370262	132.3710540885647	
98.92024124920879	53.69164408249067	163.7743423601658	
22.474595653970425	251.4856545600814	86.88192443928457	
82.76670739702914	131.1107001210232	6.78211388439816	
4.511788288916044	41.49459528493752	216.61853024039613	
22.647445205875286	38.816310342150345	19.84651131040266	
119.89385445710715	11.581408201996341	50.74000427441549	
49.23963765827891	33.855343944376315	12.628502604398706	
92.71377348149285	130.24157573698534	17.182609982411396	
8.852874964620952	46.48899475329155	249.21117042188666	
76.33546758413682	33.52530117705307	6.062231358188938	
60.37437571486732	1.298153663627261	57.73760403133627	
29.62436569041238	18.861360408359513	101.69084504049374	
68.21414070728301	35.36613938990808	42.477465864690544	
3.8543373283692324	174.979423149005	27.72860727763388	
113.83555562740634	12.729218187484546	52.77804609097375	
43.81369187618988	83.05705893845322	134.21040394249454	
119.92937668175159	3.2852650821155813	23.45791263120436	
28.17726527932949	30.874431272297834	200.20770550047357	
84.85698352102999	49.07991287516446	197.7980407218076	
0.15321435820975754	0.6758698056141464	260.28919295927045	
6.331004774834332	96.2546607789802	107.71165132474016	
92.74886758078961	40.39292176455103	97.83705754003088	
55.735568654039106	0.46656471701911634	155.2103039569645	
22.132461427317264	49.606696347011116	75.38751067297049	
25.933989493087097	134.251687288038	96.8467020337976	
44.86778400726518	18.45944850083735	108.15293460607356	
23.972746624543817	50.67108003534321	209.36195571629358	
90.70096909279056	144.72762953010505	11.639134558321803	
65.36499982724443	120.04003032771722	98.08037731730515	
1.6921379075908336	68.59449892095627	141.38554988537163	
192.26721515432757	2.9713715342893243	37.33977151709311	
0.5532772350358596	0.016145689053074862	166.26324096988415	
3.129236766638061	63.1482354413353	17.8058148471788	
6.412053200234035	2.3187738379944927	130.0967515173277	
36.301113145361676	36.60719536174535	74.1248536418513	
28.45355744972439	283.44685505848736	47.475119571019974	
118.38297151123761	43.914495738794535	8.664907270052629	
54.35981325855117	29.460769916753208	76.11655581128129	
43.72085492681025	7.0346919790402564	78.83976160546476	
38.38267458420425	41.15055339220521	149.2313083951563	
24.846166469802483	231.37236422586068	1.3672984815149496	
2.959655869338899	7.033729644122332	38.95109519072698	
93.3844644511182	11.819741242447064	33.87395053397368	
16.58133501414816	14.583068941459011	59.09379072011403	
34.242906096262296	83.58191700599806	41.516302505201004	
7.090304631980467	49.84047625332485	159.8891696451093	
75.78401412425006	180.86798227816945	29.92866718682741	
32.06039255310641	14.140938220977212	295.9097278924819	
15.356445606454217	11.999969570659244	58.99664580257971	
34.69095434409057	125.634600907939	133.8963612167247	
17.540835450833256	28.2145732555313	68.44490428048306	
23.387477066829533	54.78259983878144	192.16612413239474	
89.93902012261354	21.12975790442063	164.45358787521906	
40.28914674357236	72.74066647775554	127.49356942868546	
37.54642082564462	72.75686794263946	90.06906947825773	
52.91021576624887	98.12568092825025	111.68658707004857	
138.14870167385337	16.45881729454065	134.66191174309225	
165.7473363981912	33.15582168343749	19.562269703782402	
152.65110900416818	146.91953375847544	44.31957624947934	
16.473398853062083	44.02044398190368	159.60954496055976	
91.25823477250977	45.51439281145783	108.68926051635027	
157.32785513860037	6.597834973636288	22.154513390045885	
131.27024167796648	16.288481847227402	71.93796457464835	
42.96856321613323	45.07085727399335	27.97640331067149	
82.8233023977852	83.35823539886289	103.63519853500398	
18.475699474082464	54.135342828947564	38.12449077997885	
29.59836392977953	32.63377953952119	222.61465173447428	
11.480355753532011	12.459270142380541	230.35109501108488	
167.50907894422312	4.112041733960153	126.31474434801926	
227.35682637429838	53.72206092871987	0.665554797629392	
10.360603261916259	20.438394502917568	109.82401281942806	
35.042997096320775	92.35895833247447	177.5432047950054	
92.33272611567068	4.7917312567671475	125.79803223211132	
41.05383538249218	135.89487442687724	92.11557202576432	
30.677034869998476	3.107629009432247	183.72559946963608	
115.18769560835173	28.701067860961647	57.71642425887093	
93.81100185770919	144.02031520286738	97.58317499090043	
149.64694041307845	140.52891909064843	27.343656858040735	
0.9207763446865883	26.812721921110942	176.91981478798115	
0.5394275232845193	5.508293807751058	153.35696731577252	
167.55896122980892	17.10159466486378	87.30292930853253	
42.11209741459212	7.034284578393303	143.01633777188474	
78.5874170551691	24.20446034156288	13.374092294639308	
14.796019002500213	9.769829547012804	190.83549750898123	
27.506855273265604	105.64444701833015	89.94193758151427	
106.53046306199477	133.59750036361729	30.38124899706702	
16.87071763604551	25.20294311875642	202.90973133362377	
41.54121086563842	80.33153386885013	66.73528005122222	
92.88000385007767	175.18750014295523	4.359909623514027	
48.539541141248655	14.355720095880265	337.82797255787125	
142.411023639429	35.765643311172795	91.4471414922783	
