7.3819764E7
3.5587509E7
4.47892456E8
3.74350524E8
7.8865938E7
6.5761763E7
1.21836264E8
5199600.0
1.034750835E9
8738322.0
3831784.0
1.87426785E9
3.56171706E8
8.10057572E8
5.9404408E7
1.464053E7
4.9675038E7
1.07318296E8
1.16557918E8
7.5340602E7
3.0624413E8
6.4730211E8
7.9742592E7
1.346399493E9
9.1618584E7
5.013925E7
1.183667449E9
2.68259048E8
8649544.0
7.8409794E7
1.2514806E7
2.4761022E7
8.48546384E8
4.6784248E8
2.39349935E8
4.963837788E9
1.42427572E8
4.2075648E7
1.6502724E7
2168325.0
1.63909117E8
2.7749558E7
2.6111268E7
2.565288E8
1.03962688E8
4985257.0
8.0017986E7
9.7628241E7
2.545452E7
9.24543018E8
4.1522666196E10
2.6914244E7
1.58999E7
2.8812825E7
2511906.0
2.15805328E8
7.39902672E8
5300664.0
1.5763255E7
2.3980848E7
8009868.0
1.54553049E9
1.968379176E10
5.8963088E7
6.5255525E7
4.8828358E7
4468186.0
3.0084548E7
7.9577056E7
4.03483732E8
1.27355318E8
8625840.0
2.5209496E7
5.29674552E8
7.92146784E8
7.761798E8
1.365979923E9
1.3600075E7
3.40445415E8
7.1555984E7
6.17115275E8
4829328.0
2.64123875E8
7.81555554E8
9467400.0
1.78938603E8
1800240.0
5.4377145E7
1.1003056E7
5.70615988E8
4.08380748E8
4.7020608E7
8.50984E7
6228300.0
9514116.0
1.298142242E9
1.5296124E7
1.3075644E7
9.26798202E8
3.3317835E7
